Information of Health 
------------------------------------------
Sleep 7
Blood Pressure 80-140
Heart Rate 60-100
-----------------------------------------
Information of work
-----------------------------------------
Worked    9 
----------------------------------------
Performance 85
----------------------------------------
Regularity 8
---------------------------------------
Sleep 100
Heart Rate 100
Blood 80
---------------------------------------
BMI CHART 
------------------------------------------------------------------------------------------------------------------------------------------------------------------
Value	19	20	21	22	23	24	25	26	27	28	29	30	31	32	33	34	35	                             
Height (feet)                        Body Weight (kilograms / kg)                                          
4.10	41	44	45	48	50	52	54	56	59	61	63	65	67	69	72	73	76
4.11 	43	45	47	49	52	54	56	58	60	63	65	67	69	72	74	76	78
5.00	44	46	49	51	54	56	58	60	63	65	67	69	72	74	76	79	81
5.10 	45	48	50	53	55	57	60	62	65	67	69	72	74	77	79	82	84
5.20	47	49	52	54	57	59	62	64	67	69	72	74	77	79	82	84	87
5.30 	49	51	54	56	59	61	64	66	69	72	74	77	79	82	84	87	89
5.40	50	53	55	58	61	64	66	68	71	74	77	79	82	84	87	89	93
5.50	52	54	57	60	63	65	68	71	73	76	79	82	84	87	90	93	95
5.60 	54	56	59	62	64	67	70	73	76	78	81	84	87	90	93	95	98
5.70 	55	57	61	64	66	69	72	75	78	81	84	87	90	93	96	98	101
5.80 	57	59	63	65	68	72	74	78	80	83	86	89	92	95	98	101	104
5.90 	58	61	64	68	70	73	77	80	83	86	89	92	95	98	101	104	107
5.10 	60	63	66	69	73	76	79	82	85	88	92	95	98	101	104	107	110
5.11 	62	65	68	71	75	78	81	84	88	91	94	98	101	104	107	110	113
6.00	64	67	70	73	77	80	83	87	90	93	97	100	103	107	110	113	117
6.11 	65	68	72	75	79	83	86	89	93	96	99	103	107	110	113	117	120
6.20 	67	70	74	78	81	84	88	92	95	99	102	106	109	113	116	120	123
6.30 	69	73	76	80	83	87	91	94	98	102	105	109	112	116	120	123	127
6.40 	71	74	78	82	86	89	93	97	100	104	108	112	115	119	123	127	130
-------------------------------------------------------------------------------------------------------------------------------------------------------------------






